Multiprocessing efficiency for number of cores vs sample sizes of scalar_box integrand 

Gammaloop batched_inspect for 1024 samples took 0.02s 
 
----------------------------------------------------------
########################Total time########################
----------------------------------------------------------

                 1       4       8      16      32      64
                                                          
1024          0.09    0.04    0.03    0.03    0.06    0.12
8192          0.00    0.13    0.05    0.07    0.08    0.09
65536         0.00    0.00    0.36    0.26    0.18    0.15
262144        0.00    0.00    0.00    0.00    0.40    0.31

----------------------------------------------------------
#################Gammaloop integrand time#################
----------------------------------------------------------

                 1       4       8      16      32      64
                                                          
1024          0.02    0.01    0.00    0.00    0.00    0.00
8192          0.00    0.03    0.02    0.01    0.01    0.01
65536         0.00    0.00    0.13    0.09    0.05    0.02
262144        0.00    0.00    0.00    0.00    0.14    0.09

----------------------------------------------------------
##############Momtrop parameterisation time###############
----------------------------------------------------------

                 1       4       8      16      32      64
                                                          
1024          0.02    0.01    0.00    0.00    0.00    0.00
8192          0.00    0.05    0.02    0.02    0.02    0.01
65536         0.00    0.00    0.17    0.12    0.08    0.04
262144        0.00    0.00    0.00    0.00    0.18    0.12

----------------------------------------------------------
#################Subgraph completion time#################
----------------------------------------------------------

                 1       4       8      16      32      64
                                                          
1024          0.00    0.00    0.00    0.00    0.00    0.00
8192          0.00    0.00    0.00    0.00    0.00    0.00
65536         0.00    0.00    0.01    0.01    0.00    0.00
262144        0.00    0.00    0.00    0.00    0.01    0.00

----------------------------------------------------------
#####################Unaccounted time#####################
----------------------------------------------------------

                 1       4       8      16      32      64
                                                          
1024          0.04    0.02    0.02    0.02    0.06    0.11
8192          0.00    0.05    0.01    0.03    0.05    0.07
65536         0.00    0.00    0.05    0.04    0.05    0.08
262144        0.00    0.00    0.00    0.00    0.07    0.11

----------------------------------------------------------
###################Initialisation time####################
----------------------------------------------------------

                 1       4       8      16      32      64
                                                          
              1.00    1.81    2.68    5.41   11.40   21.45