Multiprocessing efficiency for number of cores vs sample sizes of photons_eu integrand 

Gammaloop batched_inspect for 1024 samples took 0.35s 
 
----------------------------------------------------------
########################Total time########################
----------------------------------------------------------

                 1       4       8      16      32      64
                                                          
1024          0.46    0.14    0.09    0.09    0.10    0.13
8192          0.00    0.77    0.40    0.30    0.21    0.16
65536         0.00    0.00    3.09    1.72    1.07    0.67
262144        0.00    0.00    0.00    0.00    3.35    2.08

----------------------------------------------------------
#################Gammaloop integrand time#################
----------------------------------------------------------

                 1       4       8      16      32      64
                                                          
1024          0.36    0.09    0.06    0.04    0.02    0.01
8192          0.00    0.69    0.34    0.21    0.13    0.08
65536         0.00    0.00    2.74    1.45    0.84    0.43
262144        0.00    0.00    0.00    0.00    2.82    1.53

----------------------------------------------------------
##############Momtrop parameterisation time###############
----------------------------------------------------------

                 1       4       8      16      32      64
                                                          
1024          0.02    0.01    0.01    0.00    0.00    0.00
8192          0.00    0.06    0.03    0.02    0.02    0.01
65536         0.00    0.00    0.20    0.14    0.07    0.04
262144        0.00    0.00    0.00    0.00    0.26    0.14

----------------------------------------------------------
#################Subgraph completion time#################
----------------------------------------------------------

                 1       4       8      16      32      64
                                                          
1024          0.00    0.00    0.00    0.00    0.00    0.00
8192          0.00    0.00    0.00    0.00    0.00    0.00
65536         0.00    0.00    0.01    0.00    0.00    0.00
262144        0.00    0.00    0.00    0.00    0.01    0.00

----------------------------------------------------------
#####################Unaccounted time#####################
----------------------------------------------------------

                 1       4       8      16      32      64
                                                          
1024          0.08    0.04    0.03    0.04    0.07    0.12
8192          0.00    0.02    0.03    0.07    0.06    0.08
65536         0.00    0.00    0.14    0.13    0.16    0.20
262144        0.00    0.00    0.00    0.00    0.26    0.39

----------------------------------------------------------
###################Initialisation time####################
----------------------------------------------------------

                 1       4       8      16      32      64
                                                          
              1.13    1.86    2.31    4.00    7.72   16.31