Multiprocessing efficiency for number of cores vs sample sizes of physical_1L_6photons integrand 

Gammaloop batched_inspect for 1024 samples took 0.65s 
 
----------------------------------------------------------
########################Total time########################
----------------------------------------------------------

                 1       4       8      16      32      64
                                                          
1024          0.86    0.28    0.13    0.09    0.10    0.23
8192          0.00    0.78    0.73    0.41    0.31    0.28
65536         0.00    0.00    5.70    2.91    1.44    1.17
262144        0.00    0.00    0.00    0.00    5.93    3.63

----------------------------------------------------------
#################Gammaloop integrand time#################
----------------------------------------------------------

                 1       4       8      16      32      64
                                                          
1024          0.65    0.10    0.08    0.04    0.02    0.01
8192          0.00    0.70    0.60    0.32    0.17    0.09
65536         0.00    0.00    4.73    2.33    0.92    0.71
262144        0.00    0.00    0.00    0.00    4.81    2.72

----------------------------------------------------------
##############Momtrop parameterisation time###############
----------------------------------------------------------

                 1       4       8      16      32      64
                                                          
1024          0.04    0.01    0.01    0.00    0.00    0.00
8192          0.00    0.05    0.04    0.02    0.01    0.01
65536         0.00    0.00    0.32    0.16    0.08    0.07
262144        0.00    0.00    0.00    0.00    0.29    0.20

----------------------------------------------------------
#################Subgraph completion time#################
----------------------------------------------------------

                 1       4       8      16      32      64
                                                          
1024          0.00    0.00    0.00    0.00    0.00    0.00
8192          0.00    0.00    0.00    0.00    0.00    0.00
65536         0.00    0.00    0.01    0.01    0.00    0.00
262144        0.00    0.00    0.00    0.00    0.01    0.01

----------------------------------------------------------
#####################Unaccounted time#####################
----------------------------------------------------------

                 1       4       8      16      32      64
                                                          
1024          0.17    0.17    0.04    0.05    0.08    0.22
8192          0.00    0.03    0.08    0.07    0.13    0.19
65536         0.00    0.00    0.64    0.41    0.44    0.39
262144        0.00    0.00    0.00    0.00    0.82    0.70

----------------------------------------------------------
###################Initialisation time####################
----------------------------------------------------------

                 1       4       8      16      32      64
                                                          
              1.43    2.41    3.88    6.90   13.42   27.80